3 0.78125 0.709375 0.0359375 0.0609375
3 0.73125 0.7140625 0.034375 0.096875
3 0.8359375 0.684375 0.0515625 0.103125
3 0.765625 0.6453125 0.0375 0.046875
3 0.71328125 0.6203125 0.0265625 0.0921875
3 0.68046875 0.571875 0.0328125 0.1125
3 0.678125 0.696875 0.03125 0.0859375
3 0.63359375 0.534375 0.0453125 0.1046875
3 0.65546875 0.65 0.0578125 0.1109375
3 0.67421875 0.5078125 0.046875 0.0921875
3 0.59453125 0.59296875 0.034375 0.1046875
3 0.6515625 0.73203125 0.0375 0.109375
3 0.70078125 0.76015625 0.0421875 0.084375
3 0.80859375 0.78046875 0.1125 0.0859375