3 0.20546875 0.69296875 0.040625 0.0625
3 0.25390625 0.70234375 0.0421875 0.0984375
3 0.1515625 0.66328125 0.0609375 0.10625
3 0.2265625 0.63046875 0.0421875 0.0484375
3 0.2796875 0.6109375 0.034375 0.0921875
3 0.3171875 0.5640625 0.0421875 0.115625
3 0.30859375 0.68984375 0.0390625 0.0875
3 0.36796875 0.53125 0.053125 0.1078125
3 0.3359375 0.64453125 0.0671875 0.1140625
3 0.32890625 0.5015625 0.0546875 0.09375
3 0.4015625 0.59296875 0.0421875 0.1046875
3 0.3328125 0.728125 0.046875 0.1109375
3 0.28046875 0.75078125 0.0484375 0.0875
3 0.1703125 0.7625 0.11875 0.0953125