2 0.4484375 0.75625 0.384375 0.2125
2 0.8109375 0.68515625 0.3375 0.1765625
2 0.69453125 0.53359375 0.2578125 0.1078125
2 0.9046875 0.496875 0.190625 0.115625
2 0.4 0.59375 0.34375 0.121875
2 0.11640625 0.6234375 0.2328125 0.15
2 0.0921875 0.79609375 0.184375 0.1953125
2 0.184375 0.4 0.23125 0.121875
2 0.30390625 0.16328125 0.2046875 0.0796875
2 0.440625 0.365625 0.225 0.1
2 0.4078125 0.28046875 0.128125 0.0609375
2 0.709375 0.31640625 0.165625 0.1046875
2 0.91796875 0.303125 0.1640625 0.103125
2 0.9515625 0.2140625 0.096875 0.08125
2 0.7875 0.23359375 0.146875 0.0703125
2 0.5734375 0.265625 0.134375 0.059375
2 0.03203125 0.33828125 0.0640625 0.0796875
2 0.5578125 0.1515625 0.203125 0.084375