2 0.46953125 0.7609375 0.434375 0.2890625
2 0.8203125 0.62109375 0.359375 0.2421875
2 0.6828125 0.48671875 0.284375 0.1578125
2 0.89140625 0.4109375 0.215625 0.153125
2 0.390625 0.60234375 0.3765625 0.1875
2 0.12578125 0.68046875 0.2234375 0.1890625
2 0.13125 0.8625 0.18125 0.2265625
2 0.1328125 0.44140625 0.2609375 0.1671875
2 0.2125 0.1765625 0.225 0.11875
2 0.390625 0.36015625 0.25 0.14375
2 0.34140625 0.278125 0.14375 0.0859375
2 0.65859375 0.26015625 0.1890625 0.1375
2 0.8703125 0.209375 0.1859375 0.1359375
2 0.88828125 0.1109375 0.1125 0.1015625
2 0.72421875 0.1609375 0.1640625 0.0984375
2 0.509375 0.2328125 0.1484375 0.0859375
2 0.47265625 0.11875 0.225 0.1234375