3 0.23027710781250002 0.52729885 0.216563340625 0.465517240625 0.135167440625 0.4454022984375 0.08507251875 0.590517240625 0.1681618109375 0.6580459765625 0.20526965156250002 0.613505746875 0.23027710781250002 0.52729885
3 0.2649648703125 0.32758620625 0.1963960359375 0.288793103125 0.18832911562500002 0.42241379375 0.2464109515625 0.44683907968750003 0.2593180265625 0.3965517234375 0.2649648703125 0.32758620625
3 0.227050340625 0.9252873562499999 0.1963960359375 0.8405172406249999 0.1584815046875 0.8132183906250001 0.09936014843749999 0.9066091953125 0.16735511875 1 0.2431841828125 0.9856321843750001 0.227050340625 0.9252873562499999
3 0.3093329421875 0.9367816093749999 0.2988459421875 0.839080459375 0.2673849484375 0.7787356328125 0.2020428828125 0.8290229890624999 0.243990875 0.9841954015625 0.2625447953125 0.988505746875 0.3093329421875 0.9367816093749999
3 0.46018437656250005 0.92241379375 0.4835784484375 0.9008620687500001 0.5118126765625 0.935344828125 0.5327866718750001 0.8678160921875 0.4948721390625 0.8002873562499999 0.3432140125 0.8534482765625 0.3456340890625 0.8419540234375 0.3149797859375 0.912356321875 0.3367604734375 0.9956896546875 0.4045226171875 0.9712643671875 0.46018437656250005 0.92241379375
3 0.3020727109375 0.715517240625 0.295619175 0.613505746875 0.29481248125000004 0.5459770109375001 0.2415707984375 0.5445402296874999 0.23027710781250002 0.6824712640625 0.255284565625 0.7428160921875 0.3020727109375 0.715517240625
3 0.3375671671875 0.3922413796875 0.2827120984375 0.35201149374999996 0.2544778734375 0.451149425 0.3528943171875 0.4956896546875 0.35934785625 0.42672413750000004 0.3375671671875 0.3922413796875
3 0.350474240625 0.2744252875 0.3295002453125 0.1982758625 0.2673849484375 0.2341954015625 0.28835894375 0.3074712640625 0.32466009218749997 0.290229884375 0.341600628125 0.313218390625 0.350474240625 0.2744252875
3 0.36176793281249997 0.4583333328125 0.35934785625 0.6077586203124999 0.433563534375 0.5818965515625 0.41742969218750003 0.42672413750000004 0.36176793281249997 0.4583333328125
3 0.401295846875 0.8132183906250001 0.411782846875 0.7068965515625 0.2835187921875 0.738505746875 0.280292021875 0.74856321875 0.3375671671875 0.834770115625 0.401295846875 0.8132183906250001
3 0.523106365625 0.4339080453125 0.4698646828125 0.3793103453125 0.4254966140625 0.4410919546875 0.43195015156250005 0.5301724140624999 0.4940654484375 0.59770115 0.5505339 0.52298850625 0.523106365625 0.4339080453125
3 0.47793160468749996 0.3721264375 0.558600821875 0.5215517234375 0.5327866718750001 0.5689655171875 0.583608278125 0.665229884375 0.6481436515625 0.6091954015625001 0.6497570359375 0.52586206875 0.4747048359375 0.2212643671875 0.437596996875 0.1968390796875 0.395649003125 0.235632184375 0.40048915625000003 0.326149425 0.4222698453125 0.3548850578125 0.44243714843750004 0.3534482765625 0.47793160468749996 0.3721264375
3 0.759467171875 0.9971264375000001 0.84739661875 0.5560344828125 0.9143520671875001 0.49281609218750005 0.9151587609374999 0.42528735624999997 0.8764375359375001 0.375 0.7473667890625 0.47844827656250005 0.6416901140625 0.935344828125 0.660244034375 0.9913793109375 0.759467171875 0.9971264375000001
3 0.9111252999999999 0.737068965625 0.999054746875 0.637931034375 0.998248053125 0.52586206875 0.96194690625 0.47844827656250005 0.8465899265625 0.6063218390625 0.7635006328125 0.8189655171875 0.8086753953124999 0.885057471875 0.9111252999999999 0.737068965625
3 0.6247495796875 0.8793103453125 0.6166826578125 0.7413793109375 0.523913059375 0.761494253125 0.5400469015625 0.95258620625 0.5916752 0.9281609203125001 0.593288584375 0.8936781609375 0.6247495796875 0.8793103453125
3 0.4440505328125 0.5933908046874999 0.3819352359375 0.6091954015625001 0.41662299999999997 0.6839080453124999 0.4158163078125 0.8031609203125001 0.47793160468749996 0.784482759375 0.4730914515625 0.662356321875 0.4440505328125 0.5933908046874999
3 0.5497272078125001 0.6221264375 0.46099106875 0.6192528734375 0.48438514218749995 0.8132183906250001 0.526333134375 0.8045977015625001 0.561827590625 0.7442528734375 0.5497272078125001 0.6221264375
3 0.6787979546875 0.4813218390625 0.48599852656250003 0.09770115 0.43195015156250005 0.1206896546875 0.42146315312500005 0.17528735625 0.46744460625000006 0.20258620624999998 0.6505637296875 0.534482759375 0.6787979546875 0.4813218390625