3 0.80768388125 0.5866606265625001 0.8513251765625001 0.6277795390625001 0.9279318578125 0.547907703125 0.8582897421875 0.405032353125 0.777433396875 0.4359500515625 0.7711809546875 0.5011863890625 0.80768388125 0.5866606265625001
3 0.8009205640625 0.388088071875 0.77578964375 0.2517415984375 0.7104330359375 0.30024668593750004 0.7249235421875 0.3704324625 0.7444950234375 0.42050385781250005 0.8009205640625 0.388088071875
3 0.8808294125 0.78607809375 0.84542926875 0.818910828125 0.8247218171874999 0.909910346875 0.8170818328125 0.9648221593749999 0.909560446875 0.9534672125 0.9531909703125001 0.8746458 0.8808294125 0.78607809375
3 0.7648984140625 0.7643301390625 0.7402814531249999 0.8303220859374999 0.7418688703125 0.9320775734375 0.784231434375 0.96885568125 0.8158836140625001 0.9649692812499999 0.8381928875 0.807805178125 0.7648984140625 0.7643301390625
3 0.6966370687500001 0.850673646875 0.534543578125 0.8151032140625001 0.5042213203125 0.8892920375 0.5342341187499999 0.95607264375 0.5588094078125 0.9170726859375 0.585498425 0.9362847453124999 0.6486934546875001 0.9795005703124999 0.6657545453125 0.9834028140625 0.7238472984375 0.9762699203125 0.7330003125 0.9076788953125 0.6927067203124999 0.83916206875 0.6966370687500001 0.850673646875
3 0.7727621984375 0.7258828234375 0.7907670984374999 0.6607027343749999 0.7617860859375 0.5203311796875 0.707417940625 0.52850601875 0.7151150312500001 0.598026653125 0.7213790484375 0.7037057390625 0.7727621984375 0.7258828234375
3 0.73677400625 0.42594968906249997 0.6953328734374999 0.327588353125 0.644208246875 0.3758452421875 0.6262450187499999 0.41403334375 0.6415620343749999 0.4841176390625 0.73677400625 0.42594968906249997
3 0.630101284375 0.295117478125 0.6445562921875 0.26935429843750003 0.683925371875 0.2825116296875 0.6961655546875 0.204545925 0.62799064375 0.1754349875 0.6161131656250001 0.2563546984375 0.630101284375 0.295117478125
3 0.5667364734375 0.4213400734375 0.56979246875 0.5828860671875 0.6490955203125 0.600135746875 0.6277552656250001 0.44683186093750005 0.5667364734375 0.4213400734375
3 0.743290371875 0.725003696875 0.6078858984375 0.708645321875 0.632050634375 0.8166242875 0.7000650296875001 0.8307622296874999 0.7478658765625 0.7349367890625 0.743290371875 0.725003696875
3 0.44251338906250004 0.5370438796875 0.5097992859375 0.60674428125 0.5649167671875001 0.5295109874999999 0.56028493125 0.4371249296875 0.5070288265625 0.3791953234375 0.4593707484375 0.44201928125 0.44251338906250004 0.5370438796875
3 0.531865728125 0.349158865625 0.55270976875 0.34809880937500004 0.571398409375 0.31581872187500004 0.5649322046874999 0.222158625 0.517057275 0.187556621875 0.4821209296875 0.2173338640625 0.34121566406250003 0.5524802171875 0.353387165625 0.6379434374999999 0.4265805453125 0.6874279734375001 0.46649985781250003 0.5820753703125 0.43406695937500006 0.5365816999999999 0.4978569859375 0.3728251296875 0.531865728125 0.349158865625
3 0.3956719265625 1 0.4011664 0.97241130625 0.23522359218750002 0.5160184796875 0.089924953125 0.4259114265625 0.056599949999999996 0.48247769218750003 0.06595005781249999 0.5517953609374999 0.14252972656250001 0.608360465625 0.2715759 1 0.3956719265625 1
3 0.02524845 0.73621343125 0.10008613125000002 0.8024799765624999 0.22373197031249997 0.9417230453125001 0.2616741484375 0.8680978843749999 0.1497035953125 0.6599540937499999 0.015372579687499999 0.5430127890625001 0.003926921875 0.5625635250000001 0.02524845 0.73621343125
3 0.4454976109375 0.9234892718750001 0.451503103125 0.958734384375 0.5074825921875 0.9773485671875 0.49989276718750003 0.7788774921875 0.40230545468749995 0.7698699203125 0.41145028437500003 0.9126770515624999 0.4454976109375 0.9234892718750001
3 0.539449375 0.6705708828125 0.5499053515625001 0.7967250484374999 0.6159040250000001 0.8081119484375 0.6000252015624999 0.685622165625 0.6261346640625 0.60445425625 0.560498696875 0.5960213640625 0.539449375 0.6705708828125
3 0.5469203546875 0.827076971875 0.5464063921875 0.6247385515625 0.45585326718749997 0.63885561875 0.458870675 0.7659231265625001 0.5028538421875 0.8234920359375 0.5469203546875 0.827076971875
3 0.341477275 0.5614437203125 0.48720190781249995 0.19721948281249999 0.5308671281249999 0.1633719265625 0.5132311078125 0.10856507500000001 0.4549534515625 0.09173234218750001 0.30583944218750003 0.5103464828125001 0.341477275 0.5614437203125