4 0.61328125 0.14296875 0.1109375 0.140625
4 0.5390625 0.49375 0.10625 0.1203125
4 0.18984375 0.43671875 0.1046875 0.1296875
4 0.39453125 0.140625 0.1203125 0.15
4 0.7203125 0.5328125 0.10625 0.128125
4 0.5296875 0.7515625 0.1046875 0.1375
4 0.18515625 0.15546875 0.1171875 0.153125
4 0.45625 0.253125 0.1140625 0.1578125
4 0.40078125 0.490625 0.0984375 0.1296875
4 0.63984375 0.390625 0.1 0.140625
4 0.67578125 0.2375 0.1171875 0.1609375
4 0.51484375 0.375 0.1109375 0.134375
4 0.54453125 0.59765625 0.1109375 0.1234375
4 0.3984375 0.76328125 0.103125 0.134375
4 0.25078125 0.54765625 0.109375 0.1328125