4 0.6625 0.20390625 0.1078125 0.134375
4 0.5234375 0.51875 0.103125 0.1171875
4 0.2046875 0.3953125 0.1 0.125
4 0.45703125 0.1578125 0.115625 0.14375
4 0.68515625 0.59140625 0.1015625 0.1234375
4 0.46171875 0.76015625 0.1 0.13125
4 0.25546875 0.1296875 0.1125 0.146875
4 0.4921875 0.27578125 0.1109375 0.1515625
4 0.39296875 0.4890625 0.09375 0.125
4 0.6390625 0.4421875 0.0953125 0.1359375
4 0.70234375 0.30546875 0.1125 0.15625
4 0.5234375 0.40234375 0.10625 0.1296875
4 0.50625 0.61796875 0.10625 0.11875
4 0.33515625 0.7453125 0.0984375 0.128125
4 0.2390625 0.51171875 0.1046875 0.1265625