4 0.371875 0.19375 0.09375 0.12421875
4 0.4765625 0.51796875 0.09140625 0.10703125
4 0.8015625 0.4296875 0.08828125 0.115625
4 0.57890625 0.16953125 0.1015625 0.1328125
4 0.30859375 0.5734375 0.08984375 0.11328125
4 0.51171875 0.76171875 0.0875 0.121875
4 0.7796875 0.1625 0.09765625 0.1359375
4 0.53203125 0.28203125 0.09453125 0.14140625
4 0.6078125 0.5015625 0.08203125 0.115625
4 0.3703125 0.43125 0.08203125 0.12578125
4 0.321875 0.2890625 0.09765625 0.14453125
4 0.4875 0.40390625 0.09375 0.11875
4 0.48203125 0.6171875 0.09453125 0.10859375
4 0.6375 0.76015625 0.0859375 0.11875
4 0.75625 0.540625 0.0921875 0.1171875