0 0.1875 0.4515625 0.25 0.340625
0 0.34765625 0.38515625 0.2484375 0.371875
0 0.31171875 0.53828125 0.1640625 0.1859375
0 0.7140625 0.41875 0.2421875 0.3171875
0 0.81484375 0.4828125 0.240625 0.3
0 0.7109375 0.15703125 0.1734375 0.240625
0 0.9015625 0.24765625 0.1453125 0.175
0 0.95859375 0.21640625 0.0828125 0.1828125
0 0.88984375 0.08828125 0.1578125 0.115625
0 0.98984375 0.35546875 0.0203125 0.1359375
0 0.575 0.80078125 0.2515625 0.30625
0 0.42265625 0.79140625 0.240625 0.2875
0 0.31796875 0.940625 0.115625 0.096875
0 0.1171875 0.821875 0.2265625 0.265625