0 0.19453125 0.42265625 0.2671875 0.3625
0 0.36328125 0.3546875 0.2671875 0.3953125
0 0.3234375 0.51640625 0.175 0.1984375
0 0.74609375 0.39765625 0.259375 0.3375
0 0.85078125 0.46640625 0.25625 0.31875
0 0.746875 0.13359375 0.18125 0.2296875
0 0.93359375 0.22109375 0.1328125 0.1859375
0 0.98046875 0.18671875 0.0390625 0.1890625
0 0.925 0.075 0.15 0.071875
0 0.59453125 0.79765625 0.2671875 0.325
0 0.434375 0.784375 0.25625 0.30625
0 0.3234375 0.9390625 0.1234375 0.0984375
0 0.11796875 0.81171875 0.2359375 0.2828125