0 0.771875 0.18046875 0.225 0.2140625
0 0.675 0.30078125 0.2375 0.225
0 0.84453125 0.359375 0.2671875 0.2296875
0 0.86015625 0.54453125 0.2125 0.215625
0 0.81328125 0.721875 0.30625 0.259375
0 0.64140625 0.83125 0.2265625 0.225
0 0.44296875 0.840625 0.2640625 0.3
0 0.46015625 0.64453125 0.2234375 0.2328125
0 0.62421875 0.60859375 0.209375 0.2109375
0 0.721875 0.4625 0.2125 0.1984375
0 0.54296875 0.47265625 0.2078125 0.1890625
0 0.32109375 0.54609375 0.2 0.178125
0 0.2828125 0.74140625 0.246875 0.2328125
0 0.14296875 0.57109375 0.259375 0.25
0 0.11640625 0.3890625 0.21875 0.196875
0 0.38046875 0.40546875 0.2 0.196875
0 0.496875 0.28828125 0.23125 0.240625
0 0.4 0.171875 0.21875 0.2125
0 0.23984375 0.265625 0.2734375 0.2640625
0 0.59609375 0.1171875 0.3015625 0.234375