4 0.7953125 0.57109375 0.16328125 0.22890625
4 0.1578125 0.65 0.12421875 0.18984375
4 0.64296875 0.77890625 0.2296875 0.35078125
4 0.55703125 0.2734375 0.1046875 0.1796875
4 0.2765625 0.740625 0.14609375 0.2328125
4 0.81484375 0.771875 0.11875 0.18984375
4 0.28359375 0.275 0.1484375 0.20234375
4 0.15390625 0.26484375 0.125 0.18984375
4 0.19921875 0.459375 0.1171875 0.25625
4 0.3671875 0.88359375 0.11171875 0.1609375
4 0.48125 0.853125 0.12265625 0.1796875
4 0.4578125 0.30078125 0.1203125 0.1640625
4 0.375 0.40078125 0.12421875 0.18203125
4 0.4171875 0.1515625 0.16875 0.18828125