0 0.4171875 0.5203125 0.284375 0.2109375
0 0.24375 0.671875 0.2921875 0.246875
0 0.38046875 0.81171875 0.29375 0.2171875
0 0.6234375 0.87109375 0.3140625 0.2421875
0 0.65859375 0.73046875 0.2734375 0.2
0 0.65703125 0.6046875 0.2640625 0.215625
0 0.52734375 0.63515625 0.2890625 0.184375
0 0.90546875 0.503125 0.1890625 0.178125
0 0.96640625 0.37109375 0.0671875 0.1765625
0 0.8859375 0.2640625 0.228125 0.165625
0 0.74140625 0.3640625 0.196875 0.165625
0 0.57578125 0.29921875 0.2296875 0.1734375
0 0.50078125 0.365625 0.1890625 0.134375
0 0.353125 0.378125 0.228125 0.2046875