4 0.1828125 0.3453125 0.04375 0.0421875
4 0.1796875 0.515625 0.0453125 0.040625
4 0.384375 0.32734375 0.0421875 0.0421875
4 0.04140625 0.47265625 0.040625 0.0390625
4 0.2 0.2203125 0.04375 0.04375
4 0.3125 0.28671875 0.05 0.0578125
4 0.49609375 0.334375 0.05 0.0453125
4 0.11015625 0.3921875 0.0484375 0.0453125
4 0.359375 0.2640625 0.04375 0.0421875
4 0.38828125 0.28984375 0.040625 0.0390625
4 0.26875 0.35625 0.0578125 0.0546875
4 0.278125 0.5296875 0.0375 0.03125
4 0.1734375 0.18125 0.040625 0.0421875
4 0.45390625 0.46796875 0.046875 0.04375
4 0.4875 0.44765625 0.04375 0.0390625
4 0.31875 0.46953125 0.04375 0.0375
4 0.38359375 0.51484375 0.0453125 0.0421875
4 0.14765625 0.44765625 0.0453125 0.0453125
4 0.03828125 0.3625 0.0359375 0.034375
4 0.18203125 0.55546875 0.0546875 0.0453125
4 0.38046875 0.4546875 0.0578125 0.0484375
4 0.26875 0.42109375 0.0421875 0.0421875
4 0.11640625 0.1671875 0.04375 0.0390625
4 0.34765625 0.52421875 0.0390625 0.0375
4 0.56953125 0.325 0.0296875 0.0296875
4 0.25546875 0.18125 0.040625 0.0453125
4 0.7796875 0.43984375 0.025 0.025
4 0.11015625 0.44140625 0.0375 0.0421875
4 0.478125 0.5 0.040625 0.0390625
4 0.7875 0.4640625 0.028125 0.0296875
4 0.61015625 0.3453125 0.025 0.028125
4 0.81953125 0.49765625 0.0265625 0.03125
4 0.70703125 0.315625 0.0265625 0.028125
4 0.196875 0.1515625 0.040625 0.0421875
4 0.73515625 0.25625 0.025 0.025
4 0.2125 0.11796875 0.04375 0.0390625
4 0.48828125 0.94296875 0.05 0.0421875
4 0.346875 0.9640625 0.0421875 0.0453125
4 0.23828125 0.96796875 0.03125 0.0328125
4 0.4546875 0.46875 0.0515625 0.0515625
4 0.38515625 0.61328125 0.0453125 0.046875
4 0.1828125 0.6875 0.04375 0.0484375
4 0.071875 0.615625 0.05 0.04375