4 0.2125 0.35703125 0.0421875 0.040625
4 0.209375 0.52265625 0.04375 0.0390625
4 0.40703125 0.33984375 0.0421875 0.040625
4 0.07578125 0.48203125 0.040625 0.0375
4 0.22890625 0.23671875 0.0421875 0.040625
4 0.3375 0.30078125 0.05 0.05625
4 0.515625 0.34765625 0.0484375 0.04375
4 0.14140625 0.40390625 0.046875 0.04375
4 0.384375 0.27890625 0.0421875 0.040625
4 0.4109375 0.3046875 0.0390625 0.0375
4 0.2953125 0.36796875 0.05625 0.053125
4 0.30390625 0.5359375 0.0359375 0.03125
4 0.20390625 0.19921875 0.0390625 0.0421875
4 0.475 0.4765625 0.04375 0.04375
4 0.50703125 0.4578125 0.0421875 0.0359375
4 0.34375 0.478125 0.0421875 0.0359375
4 0.40703125 0.521875 0.04375 0.0421875
4 0.178125 0.45703125 0.0453125 0.04375
4 0.07265625 0.37421875 0.0359375 0.0328125
4 0.2109375 0.56171875 0.0515625 0.04375
4 0.403125 0.4640625 0.05625 0.046875
4 0.2953125 0.43125 0.040625 0.040625
4 0.146875 0.18515625 0.0421875 0.0375
4 0.371875 0.53046875 0.0375 0.0359375
4 0.58671875 0.33828125 0.028125 0.028125
4 0.28203125 0.1984375 0.0390625 0.04375
4 0.78984375 0.44921875 0.0234375 0.025
4 0.1421875 0.45078125 0.0359375 0.0421875
4 0.49765625 0.50703125 0.0390625 0.0375
4 0.79765625 0.47265625 0.028125 0.028125
4 0.62578125 0.35703125 0.025 0.0265625
4 0.82890625 0.50546875 0.0265625 0.028125
4 0.7203125 0.32890625 0.025 0.0265625
4 0.22578125 0.16953125 0.0390625 0.040625
4 0.74765625 0.27109375 0.0234375 0.025
4 0.240625 0.1375 0.0421875 0.0375
4 0.5078125 0.9359375 0.0484375 0.040625
4 0.37109375 0.95703125 0.040625 0.04375
4 0.265625 0.9609375 0.0296875 0.03125
4 0.47578125 0.47734375 0.0484375 0.05
4 0.40859375 0.6171875 0.0453125 0.046875
4 0.21171875 0.6890625 0.04375 0.046875
4 0.1046875 0.61953125 0.0484375 0.0421875