10 0.11640625 0.13671875 0.0640625 0.0953125
10 0.09921875 0.3265625 0.065625 0.0859375
10 0.33125 0.0921875 0.034375 0.046875
10 0.3109375 0.34296875 0.075 0.1109375
10 0.35703125 0.34375 0.05625 0.1171875
10 0.5125 0.40703125 0.0546875 0.0671875
10 0.73125 0.4609375 0.040625 0.0671875
10 0.9359375 0.4296875 0.0578125 0.084375
10 0.9046875 0.6765625 0.078125 0.1
10 0.69921875 0.6765625 0.1203125 0.1453125
10 0.46796875 0.659375 0.11875 0.15625
10 0.32890625 0.578125 0.0375 0.1125
10 0.3140625 0.56484375 0.01875 0.078125
10 0.2140625 0.5546875 0.0234375 0.078125
10 0.2125 0.6453125 0.05625 0.0515625
10 0.0953125 0.6171875 0.0453125 0.0578125
10 0.09765625 0.6734375 0.0421875 0.04375
10 0.0453125 0.8515625 0.0359375 0.0828125
10 0.265625 0.85234375 0.0625 0.0546875
10 0.46796875 0.9234375 0.0328125 0.071875
10 0.8875 0.93671875 0.10625 0.1265625
11 0.69453125 0.92890625 0.1015625 0.1421875
11 0.53359375 0.12421875 0.0625 0.1453125
11 0.26796875 0.3578125 0.0578125 0.1015625
11 0.09375 0.86328125 0.0484375 0.103125
11 0.37578125 0.58125 0.0375 0.1015625
11 0.73203125 0.8359375 0.1125 0.0984375
11 0.653125 0.84921875 0.065625 0.0859375
11 0.60703125 0.90703125 0.0390625 0.05
10 0.98671875 0.159375 0.0265625 0.08125