10 0.9515625 0.23984375 0.06875 0.096875
10 0.925 0.4265625 0.06875 0.0875
10 0.75546875 0.15 0.0359375 0.046875
10 0.71953125 0.39453125 0.0796875 0.1125
10 0.675 0.3859375 0.0609375 0.1171875
10 0.51171875 0.4109375 0.0578125 0.0671875
10 0.29140625 0.41484375 0.04375 0.0671875
10 0.10078125 0.3390625 0.0609375 0.0859375
10 0.0765625 0.58359375 0.08125 0.1015625
10 0.2734375 0.62890625 0.125 0.146875
10 0.49921875 0.66328125 0.1234375 0.1578125
10 0.64921875 0.61640625 0.0421875 0.1109375
10 0.6671875 0.60625 0.0234375 0.078125
10 0.76484375 0.61953125 0.0265625 0.078125
10 0.746875 0.7046875 0.05625 0.053125
10 0.865625 0.70546875 0.046875 0.0578125
10 0.85078125 0.75859375 0.04375 0.0453125
10 0.86171875 0.94140625 0.0390625 0.084375
10 0.65078125 0.89296875 0.0640625 0.05625
10 0.440625 0.9171875 0.0359375 0.071875
10 0.04453125 0.8390625 0.0890625 0.134375
11 0.21953125 0.88515625 0.109375 0.1703125
11 0.55390625 0.13515625 0.06875 0.1453125
11 0.7578125 0.41875 0.0625 0.1015625
11 0.81171875 0.94140625 0.053125 0.1015625
11 0.6046875 0.60859375 0.0421875 0.1
11 0.20625 0.77421875 0.1140625 0.1015625
11 0.2796875 0.80390625 0.06875 0.0875
11 0.3109375 0.86953125 0.0390625 0.0515625
10 0.09765625 0.06640625 0.05625 0.0828125