4 0.93515625 0.63203125 0.1296875 0.28359375
4 0.32890625 0.63125 0.20859375 0.27578125
4 0.54921875 0.3875 0.21640625 0.23984375
4 0.75546875 0.634375 0.23359375 0.29921875
4 0.1234375 0.615625 0.22734375 0.30078125
4 0.35 0.38671875 0.19921875 0.26171875
4 0.54296875 0.6265625 0.2328125 0.2890625
4 0.165625 0.3921875 0.18046875 0.253125
4 0.76796875 0.3828125 0.2140625 0.25
4 0.93359375 0.3796875 0.1328125 0.275
4 0.19375 0.02734375 0.265625 0.0546875
4 0.03671875 0.3640625 0.0734375 0.27421875
4 0.4515625 0.02890625 0.24765625 0.0578125