4 0.1359375 0.3234375 0.2046875 0.2109375
4 0.3140625 0.31640625 0.1890625 0.196875
4 0.49296875 0.3 0.19375 0.2109375
4 0.84609375 0.0125 0.1578125 0.025
4 0.84921875 0.26953125 0.1875 0.215625
4 0.88515625 0.73125 0.153125 0.1953125
4 0.74453125 0.73984375 0.1640625 0.20625
4 0.15859375 0.79453125 0.165625 0.1984375
4 0.46171875 0.76640625 0.165625 0.203125
4 0.14375 0.62265625 0.159375 0.1953125
4 0.57578125 0.590625 0.153125 0.1859375
4 0.3109375 0.78359375 0.171875 0.2015625
4 0.6046875 0.75859375 0.15 0.1875
4 0.8390625 0.56484375 0.1640625 0.19375
4 0.66875 0.278125 0.1984375 0.2328125
4 0.5015625 0.67421875 0.996875 0.4671875
4 0.43828125 0.6078125 0.159375 0.1765625
4 0.70625 0.58046875 0.1375 0.1703125
4 0.2875 0.6015625 0.15 0.1671875