3 0.2515625 0.721875 0.03046875 0.05625
3 0.29921875 0.7234375 0.0265625 0.09140625
3 0.19609375 0.70234375 0.04375 0.096875
3 0.2625 0.66015625 0.03359375 0.0421875
3 0.3109375 0.6328125 0.01953125 0.08671875
3 0.3390625 0.58359375 0.02421875 0.1078125
3 0.35 0.70390625 0.025 0.08046875
3 0.38125 0.5453125 0.03671875 0.0984375
3 0.36875 0.65703125 0.04921875 0.103125
3 0.340625 0.52265625 0.0390625 0.08515625
3 0.42265625 0.5984375 0.02578125 0.0984375
3 0.37734375 0.7359375 0.02890625 0.103125
3 0.33203125 0.765625 0.034375 0.07890625
3 0.2296875 0.79296875 0.103125 0.07578125