2 0.434375 0.74765625 0.4140625 0.2484375
2 0.8125 0.7 0.3609375 0.20625
2 0.70546875 0.534375 0.275 0.1296875
2 0.9109375 0.51015625 0.178125 0.1328125
2 0.3953125 0.57578125 0.365625 0.1515625
2 0.1125 0.584375 0.225 0.171875
2 0.08203125 0.7625 0.1640625 0.215625
2 0.1859375 0.35859375 0.2484375 0.14375
2 0.3265625 0.12265625 0.2171875 0.096875
2 0.45390625 0.3421875 0.240625 0.1203125
2 0.4265625 0.2515625 0.1375 0.071875
2 0.73671875 0.3109375 0.1796875 0.1203125
2 0.93203125 0.31015625 0.1359375 0.1171875
2 0.9703125 0.22109375 0.059375 0.0890625
2 0.8234375 0.23046875 0.1578125 0.084375
2 0.59921875 0.2484375 0.14375 0.071875
2 0.03984375 0.284375 0.0578125 0.0859375
2 0.590625 0.12890625 0.2171875 0.1015625