3 0.5749771859374999 0.5087451359374999 0.6137295875000001 0.5741087265625 0.6854440609375 0.5218277875 0.716629340625 0.49696218124999997 0.7252591078124999 0.393524771875 0.6720228859375 0.3481712359375 0.584195565625 0.3407234109375 0.5749771859374999 0.5087451359374999
3 0.7245327921875 0.5184307312499999 0.7835164546875 0.58411510625 0.8025602328125 0.5747646453125 0.8535708156249999 0.5755135124999999 0.8598945515624999 0.5340664187499999 0.7805653421875001 0.389538890625 0.7304642890624999 0.4237392421875 0.7245327921875 0.5184307312499999
3 0.753860884375 0.6929390328125 0.7322950765625 0.8175988890625 0.7306379171875 0.9328020921875 0.7489409734375 0.9731888046874999 0.7576840109375 0.9721152953125 0.8033898484374999 0.9533204265625 0.8135956828124999 0.8791406500000001 0.9339957875 0.7872234109375 0.88152981875 0.64921454375 0.753860884375 0.6929390328125
3 0.6302983953125 0.587501125 0.741602703125 0.7575537546875 0.8042429156249999 0.6671187953125 0.7369638640625 0.5393433609375 0.6302983953125 0.587501125
3 0.460984159375 0.52414415625 0.3609486671875 0.560268378125 0.32659318437499996 0.60936464375 0.3248663984375 0.6811008875 0.3015012265625 0.7625061718749999 0.3340299078125 0.8272315015625 0.46903571718750003 0.8471182015625001 0.49115454999999997 0.5625127703125 0.460984159375 0.52414415625
3 0.6242943203125 0.5672017968749999 0.5688397609375 0.5445596109374999 0.49790386093750005 0.5602816234375 0.47701366093750003 0.6189440453125 0.49034559062499994 0.6846240046875 0.5400490609374999 0.65327734375 0.6045112078125 0.7421304531249999 0.6750882078125 0.6591355921875001 0.6242943203125 0.5672017968749999
3 0.11348839375 0.8543105953125 0.1715375609375 0.8766342046875 0.218001203125 0.8260512421874999 0.21310612812500002 0.5573846234375 0.09897680156250001 0.557373584375 0.09657735625 0.7666311234375 0.11348839375 0.8543105953125
3 0.6415338703125 0.8077064281249999 0.5500303828125 0.8918683 0.5485565796875 0.929915025 0.5738527234374999 0.9946869390625 0.5837164625 0.9934758234375 0.7333354875 0.961922021875 0.6415338703125 0.8077064281249999
3 0.47697545625000004 0.9260821609375001 0.53076990625 0.992403690625 0.5455363984375 0.8910176562500001 0.6127568890624999 0.8378860749999999 0.605036796875 0.739261046875 0.5431525875000001 0.6571035859375 0.45134315625 0.7244737953125 0.47697545625000004 0.9260821609375001
3 0.48871948906249996 1 0.5177968765625 0.9939965781250001 0.46908867499999995 0.8975993859375 0.308542759375 0.8556047734375 0.2643511140625 0.8960917187499999 0.26967146406250003 1 0.48871948906249996 1
3 0.560460728125 0.504917790625 0.5585250609375 0.44625316093749995 0.5829080734375001 0.3731375171875 0.623673584375 0.319046890625 0.6683074765625 0.3107616671875 0.687504225 0.3098070375 0.7044789890625001 0.2979057484375 0.5530906812499999 0.25899403125 0.3993637015625 0.2582352296875 0.26253109218750004 0.3521701265625 0.17026570000000002 0.4658767015625 0.19797778593749998 0.5199739484375 0.22523095781250002 0.5488837015625 0.3369519890625 0.5435806984375 0.4178936984375 0.5378496125 0.575316465625 0.5115083484375 0.560460728125 0.504917790625