3 0.383756528125 0.35531936875 0.297450796875 0.3814065875 0.253814203125 0.43798187187500004 0.284427928125 0.539392790625 0.320918178125 0.557588515625 0.403790825 0.5945403921875 0.42868189843750004 0.5210686812499999 0.383756528125 0.35531936875
3 0.25502526406250003 0.4692452875 0.197622715625 0.44574975156249996 0.1489471453125 0.6068551624999999 0.16408178125 0.6468815859375 0.21496861875 0.6353001609375 0.23601235156249997 0.6405884765625001 0.2810805515625 0.5624997359374999 0.25502526406250003 0.4692452875
3 0.35803586875 1 0.363015196875 0.977391996875 0.3368789625 0.8627564234375 0.2888109625 0.7429102296875 0.15176309999999998 0.7263827546875 0.12858433593750002 0.8752763218749999 0.2685981375 0.941450125 0.2897575078125 1 0.35803586875 1
3 0.27308429375 0.5860134046875001 0.2329078171875 0.7278387937499999 0.31480672656249997 0.804800515625 0.39005609531249996 0.611426709375 0.27308429375 0.5860134046875001
3 0.715587578125 0.6399816125 0.698617359375 0.5687464125 0.6538062765625 0.5270387000000001 0.5460258859375 0.51222829375 0.5239869890625 0.5569328609374999 0.6065930078124999 0.8363077406249999 0.737466978125 0.7877848609375 0.756265628125 0.7162720499999999 0.715587578125 0.6399816125
3 0.55012798125 0.6102551578125001 0.5167589359375 0.5561393531250001 0.442433296875 0.5555126015625 0.3917512109375 0.5898901984375 0.3604558375 0.6924398218750001 0.448716196875 0.7602897046875 0.494343878125 0.6579120484375001 0.5507422281250001 0.67864368125 0.55012798125 0.6102551578125001
3 0.9105688859375001 0.802583896875 0.9639150687500001 0.7679732203125 0.9622080421874999 0.6768662171875001 0.9153447109374999 0.4685100390625 0.80113859375 0.49276058437500003 0.8533253562500001 0.76196388125 0.9105688859375001 0.802583896875
3 0.5218304765624999 1 0.534203725 0.99891748125 0.5446093515625 0.93583871875 0.5350505078125 0.8981762375000001 0.42560118906250005 0.8336060281250001 0.3688987875 1 0.5218304765624999 1
3 0.598238834375 0.7101352765625 0.49205118593749997 0.6623902734375 0.44758056249999995 0.7575372984375 0.4608105765625 0.857617334375 0.5393668671875 0.8963727234375 0.5756857046875 0.9944327484375 0.6154257140625 0.9168101656250001 0.598238834375 0.7101352765625
3 0.8113799859374999 0.9746677 0.84160001875 0.9654647390625 0.8218252343750001 0.8417173296874999 0.7690004390625 0.8106918890625 0.6172660578125 0.8867056671875 0.5890061796875 0.9932673578125 0.5995101093749999 0.9932039125 0.8113799859374999 0.9746677
3 0.3396453953125 0.3420680265625 0.391932134375 0.387399346875 0.4318673796875 0.4551994890625 0.4423952015625 0.5141654015625 0.4289295 0.5238987796875 0.592058309375 0.5167562609374999 0.6742738593750001 0.505285690625 0.787199115625 0.48685072968750004 0.8083285531250001 0.45220689218750004 0.8245654828125 0.3923252453125 0.7080761890625 0.298427465625 0.5511897828125 0.23372982343749998 0.39751744218749996 0.2671367375 0.2542919734375 0.33812844062499997 0.2738072453125 0.3464022375 0.29322014375 0.34327795 0.3396453953125 0.3420680265625