3 0.1491651609375 0.6270322937499999 0.19066399218750002 0.585221359375 0.22360803125 0.5001520859374999 0.2152022875 0.43638476718749997 0.1346108453125 0.40881191250000004 0.07105996406250001 0.5513036296875 0.1491651609375 0.6270322937499999
3 0.21044726093750002 0.255668171875 0.1904471984375 0.39024322499999997 0.247062821875 0.4201160421875 0.2645793890625 0.3703435 0.27640308281250003 0.3010167359375 0.21044726093750002 0.255668171875
3 0.1430220203125 0.9706783921875 0.1960703734375 0.965351684375 0.1850882234375 0.9028248171875 0.16157488281250001 0.8142820203125 0.1256232625 0.7832853515625 0.057519350000000004 0.8726078296875001 0.1150777203125 0.9682335828124999 0.1430220203125 0.9706783921875
3 0.197014025 0.963968384375 0.2154089125 0.9699753046874999 0.26734064218750003 0.9217478390625 0.2653822078125 0.8218981265625 0.23888886718750002 0.7580142078125001 0.16830770625 0.8031442 0.197014025 0.963968384375
3 0.4468601671875 0.9008073031249999 0.47237888593750005 0.9382205015625 0.49958650000000004 0.871705515625 0.4671984921875 0.7999765859375 0.3090103 0.8403736734375 0.312477609375 0.8289501578125 0.2752189125 0.8975175046875 0.289828809375 0.983522321875 0.290711590625 0.9835995562500001 0.36061876718749997 0.96508921875 0.4212761171875 0.9205568640624999 0.4468601671875 0.9008073031249999
3 0.20986267343749998 0.65726223125 0.22982498750000002 0.7205747609375 0.279593096875 0.6970775953125 0.2820983703125 0.59322083125 0.2872637671875 0.5247774 0.23351006562499999 0.5186087015624999 0.20986267343749998 0.65726223125
3 0.29219978750000003 0.3273183609375 0.25484478906249997 0.4251944515625 0.35049752500000003 0.47900459218749997 0.3631375984375 0.40974925312500005 0.3441499046875 0.3729074421875 0.29219978750000003 0.3273183609375
3 0.340124153125 0.2684792875 0.35523174687500003 0.293254765625 0.3676482484375 0.254762890625 0.35316781875 0.1758055234375 0.2871248875 0.206673975 0.3018598625 0.282721896875 0.340124153125 0.2684792875
3 0.3627867546875 0.44196744375 0.34710134843749996 0.593044421875 0.424499053125 0.5734303921875 0.42191684062499996 0.4148917703125 0.3627867546875 0.44196744375
3 0.3913841890625 0.6980628984374999 0.258780046875 0.7187104234375 0.2546236296875 0.72860779375 0.304950184375 0.8209623015625 0.3713531546875 0.80478393125 0.3913841890625 0.6980628984374999
3 0.484327440625 0.594789140625 0.5480920609375 0.524143184375 0.52822605 0.43152191249999994 0.47918140468750003 0.3715284421875 0.42880790781250006 0.43015324374999997 0.42744808125 0.520917496875 0.484327440625 0.594789140625
3 0.6392375359375 0.620068884375 0.6482520578125001 0.535837765625 0.4980795765625 0.21193739374999998 0.4626897921875 0.18392159531250002 0.41680177656249995 0.2194850921875 0.41368192343750004 0.31156121875 0.433178703125 0.342584134375 0.453715434375 0.3429150078125 0.4879815484375 0.3649690625 0.5563831171875 0.5234027 0.5260590390625 0.5691230125 0.5689636640625 0.6710891953125 0.6392375359375 0.620068884375
3 0.7241590296875 1 0.8455920515625 0.583885803125 0.918951415625 0.525806146875 0.9257495703125 0.4575055640625 0.8910179234375001 0.40316189375 0.7512338125 0.496474175 0.6038158046875 0.9497197421875001 0.615713071875 1 0.7241590296875 1
3 0.9966624546875 0.55997879375 0.968390459375 0.51547291875 0.840321159375 0.63472970625 0.7373979578125 0.8426721359375 0.77726064375 0.9135891562499999 0.8940496937500001 0.7728234578125 0.9856288984375 0.6860929125 0.9966624546875 0.55997879375
3 0.5538367046875 0.938017846875 0.5585239859375 0.9032473296875001 0.5916354593750001 0.8914856234374999 0.5956897718749999 0.7511179218749999 0.500024453125 0.763270309375 0.4994248671875 0.9581770203125 0.5538367046875 0.938017846875
3 0.4514545359375 0.7824747265625 0.457374371875 0.65839468125 0.4340937953125 0.585996690625 0.369832671875 0.5964990140624999 0.3983188078125 0.675215865625 0.3869388671875 0.795886496875 0.4514545359375 0.7824747265625
3 0.44894685 0.613681615625 0.4554401265625 0.8121405890625001 0.4986554328125 0.8071262875 0.539921496875 0.7491705468750001 0.5384939265625001 0.6244476875 0.44894685 0.613681615625
3 0.49238670312500005 0.192383171875 0.64830480625 0.54463753125 0.6815871046875001 0.49331259375 0.5204542515624999 0.0878311 0.4637205515625 0.1063212796875 0.44827130156250006 0.160672265625 0.49238670312500005 0.192383171875