3 0.634525365625 0.07102159375 0.6477862453125 0.22012624375 0.7163521609375 0.1920585078125 0.709707015625 0.05566926875 0.634525365625 0.07102159375
3 0.7494823 0.3390748140625 0.7405170109375 0.4219716921875 0.7930052203125 0.46264754375 0.814039821875 0.441065634375 0.827611684375 0.417287921875 0.8576985640625001 0.3977347453125 0.8474547187500001 0.3079163296875 0.7975462359375001 0.25355858750000004 0.7494823 0.3390748140625
3 0.8040104687499999 0.5061933468750001 0.81170795625 0.6558827328125 0.8366151296875 0.6711458828125 0.8830085015625 0.6156069093750001 0.9207737921874999 0.5773656968750001 0.9085293203125 0.5220294734375 0.9018077281249999 0.48101360781249997 0.8312959859375001 0.40647010312500004 0.8040104687499999 0.5061933468750001
3 0.7644340015625 0.45074966562499996 0.7142288234375 0.44708594062499996 0.7024276265625 0.5794536359375 0.7944315343749999 0.6979308093750001 0.8009862906249999 0.5080012843749999 0.7644340015625 0.45074966562499996
3 0.64410555625 0.6973397890624999 0.7202545687499999 0.80258254375 0.7566865 0.7287194734375 0.7701034609375 0.703467959375 0.7032426515625 0.5719175578125 0.67964858125 0.5997288125 0.64410555625 0.6973397890624999
3 0.7871332 0.284454709375 0.7596737015625 0.21432673281249998 0.7116907859375 0.270032775 0.6994451374999999 0.3905265171875 0.7450568515625 0.3887127 0.7871332 0.284454709375
3 0.7019176171875 0.2993715625 0.6437921375 0.227996459375 0.6255386421875 0.337200984375 0.6472059671875 0.375155909375 0.6942523203125 0.37170121875 0.7019176171875 0.2993715625
3 0.5896306390625 0 0.598356759375 0.0480015671875 0.611086196875 0.100306653125 0.6299045015625 0.1340907703125 0.641671153125 0.1313639609375 0.639118828125 0.07649913593749999 0.656199834375 0.0478823484375 0.6483119390625001 0 0.5896306390625 0
3 0.5255131515625 0.1882751625 0.5285301859375 0.24756139375 0.6300320046875 0.204111290625 0.6126757375 0.10013958593750001 0.5255131515625 0.1882751625
3 1 0.8526470749999999 0.9500191921875001 0.791844059375 0.90373094375 0.9427373234375 0.9171437421874999 0.958910565625 1 0.9502020218749999 1 0.8526470749999999
3 0.639432246875 0.545842465625 0.5073121031250001 0.512046184375 0.49063503906249994 0.5674420171875 0.52232339375 0.7771933625 0.5827259375 0.7708448 0.639432246875 0.545842465625
3 0.48740947968750004 0.46794545000000004 0.5390624046875 0.5236099265624999 0.5831930015625 0.423606278125 0.5138394578125001 0.39066337500000003 0.4638702078125 0.3586632703125 0.42435332968750006 0.456691915625 0.48740947968750004 0.46794545000000004
3 0.5119806234375 0.372977746875 0.5527629484375 0.3940227703125 0.5858263499999999 0.44866091875 0.6449360484375 0.391785403125 0.5821563375000001 0.337290396875 0.59143143125 0.2573411234375 0.5261053640625 0.2627170890625 0.5119806234375 0.372977746875
3 0.3310696859375 0.341329415625 0.37775260781250003 0.296190590625 0.3808041875 0.2258359390625 0.33592765468749997 0.0740938953125 0.2722042390625 0.13294441562499998 0.2776794609375 0.2232640328125 0.3310696859375 0.341329415625
3 0.4408969265625 0.21653976875 0.43964341406249996 0.3269376921875 0.5080139171875 0.31230124375 0.50195959375 0.201181325 0.4408969265625 0.21653976875
3 0.34915163437499996 0.7044993609375 0.41699069531250005 0.5930633484375 0.42920894218749994 0.5411163250000001 0.376222659375 0.4498299875 0.3781625171875 0.43770543125000005 0.2906293578125 0.5452510421875 0.34915163437499996 0.7044993609375
3 0.5137691906249999 0.8257751156250001 0.4540398828125 0.87675541875 0.4650784984375 0.9664903031250001 0.52747845 0.9998660390625 0.5815478515625 0.9941831156250001 0.5892449703125 0.8863861265624999 0.5137691906249999 0.8257751156250001
3 0.399406821875 0.2805038921875 0.436100903125 0.2855876890625 0.450292378125 0.2677051875 0.435279909375 0.178387975 0.45790405156249997 0.156638996875 0.43949683281249996 0.0885397546875 0.3912851375 0.11148800625 0.399406821875 0.2805038921875
3 0.4038757859375 1 0.40549098125 0.965302784375 0.2753464203125 0.613911096875 0.20699735000000002 0.4452650328125 0.010845164062499999 0.2915416984375 0 0.31493296718749997 0 0.44553357031249996 0.05557990625 0.4954515640625 0.0954054109375 0.5762004890625 0.259356671875 1 0.4038757859375 1
3 0 0.52620389375 0.024640440625000003 0.760642025 0.17782324375 0.9475092937499999 0.2133257578125 0.8648034078125001 0.10757600468749999 0.6002527265625 0 0.5151475171875 0 0.52620389375