3 0.182714409375 0.0871637359375 0.20939289218749998 0.2216645203125 0.28320455624999996 0.23232904375 0.259896871875 0.0838300453125 0.182714409375 0.0871637359375
3 0.1745165578125 0.48803928281250003 0.200315125 0.503948884375 0.2417009328125 0.45154818125 0.2127814109375 0.372962975 0.14502743125 0.3013383203125 0.109489384375 0.3664416484375 0.1213258890625 0.45644403437500003 0.15547468281250001 0.4681746484375 0.1745165578125 0.48803928281250003
3 0.149586809375 0.674874721875 0.20841813125000003 0.717698984375 0.2290391296875 0.69676825625 0.2001540765625 0.5490531062499999 0.1492443640625 0.4585312265625 0.0984872265625 0.5483142546875001 0.10189580625000001 0.5899113578125 0.10339158125 0.646804484375 0.149586809375 0.674874721875
3 0.273491071875 0.4696211609375 0.225334159375 0.48540549374999997 0.203548246875 0.5500788062499999 0.256143603125 0.7335324015625 0.3172126515625 0.59571581875 0.273491071875 0.4696211609375
3 0.35406254531250003 0.8174475640625 0.40286082187499994 0.696382725 0.34439765 0.6099278531250001 0.3145836046875 0.5885717109375 0.2812575734375 0.7330083015625 0.30050655000000004 0.7543465484375 0.35406254531250003 0.8174475640625
3 0.172485646875 0.25390045 0.1627145203125 0.3289069515625 0.229177003125 0.4202484734375 0.27417849375 0.41091848750000004 0.23291050468750002 0.29650075625 0.172485646875 0.25390045
3 0.2890206703125 0.23902524062500002 0.249593721875 0.3227077546875 0.2746732234375 0.391313603125 0.32147535 0.383233275 0.3334124375 0.34098219531249996 0.2890206703125 0.23902524062500002
3 0.2896332171875 0.052601920312499995 0.2878489921875 0.02490209375 0.23037118437499998 0.032980071875 0.23309443437500002 0.06655880625 0.25674145 0.0902843890625 0.2675913203125 0.1443601625 0.27974992187500003 0.1441541046875 0.28991802031249997 0.10665980156249999 0.2896332171875 0.052601920312499995
3 0.2883244859375 0.1068837578125 0.2966546546875 0.2124061203125 0.40638410625 0.23004448125 0.3949129265625 0.17154786875 0.2883244859375 0.1068837578125
3 0.20824570156250002 1 0.2089015640625 0.9986396093750001 0.1269823625 0.8628860796875 0.0732297328125 0.9756308921875 0.0878889 1 0.20824570156250002 1
3 0.491436965625 0.4825697328125 0.370581603125 0.547641875 0.4807023765625 0.753065190625 0.5412566375 0.74455484375 0.52120213125 0.53248441875 0.491436965625 0.4825697328125
3 0.4632308640625 0.5015610374999999 0.5001553421875 0.4347601375 0.5590211359375 0.40845445468749997 0.4965741296875 0.3225594734375 0.45553923906250005 0.3658945421875 0.3957961546875 0.4148643140625 0.4632308640625 0.5015610374999999
3 0.4124389671875 0.244220725 0.34731120937500004 0.254876553125 0.37581652499999996 0.3305145296875 0.3277373140625 0.3988831265625 0.3993169015625 0.4399157390625 0.41832995625 0.37863756406250004 0.4530540046875 0.348211184375 0.4124389671875 0.244220725
3 0.5655130859375 0.24074019375 0.622097921875 0.27336114375 0.6455434859375 0.14534035781250002 0.628926378125 0.056009845312499994 0.5523590875 0.0141754890625 0.5454212875 0.1729360921875 0.5655130859375 0.24074019375
3 0.42106241093749996 0.178391834375 0.44217248906249995 0.2881289765625 0.5125266953125001 0.2857549359375 0.4844528203125 0.1784992109375 0.42106241093749996 0.178391834375
3 0.599380190625 0.5395298421875 0.6927572796875 0.6315969203125 0.7112007296875 0.4622029875 0.5995296531250001 0.37871784062499997 0.6043735421875 0.3900588328125 0.5748098296874999 0.4918905140625 0.599380190625 0.5395298421875
3 0.6321801375 0.82494499375 0.5614289609374999 0.7898068359375 0.5024337640625001 0.867223171875 0.545379540625 0.9985361078125001 0.5517279 0.9976439046875001 0.6432198765625 0.9150593562499999 0.6321801375 0.82494499375
3 0.5073720078124999 0.064076878125 0.45469047968750004 0.05344815000000001 0.453269578125 0.12427566406249999 0.48066168125 0.1399613125 0.4877175859375 0.23063556406250002 0.5059310499999999 0.24460574531249998 0.5405429296875 0.2307250453125 0.5073720078124999 0.064076878125
3 0.7428298203125 0.5253801890625 0.7011450906250001 0.8994049000000001 0.7210297859375 0.965735390625 0.7902716859375001 0.9641187609375 0.844936790625 0.95643608125 0.9094517953125001 0.444859653125 0.9287208296875 0.35649655 0.975129371875 0.2880728828125 0.96212936875 0.1955730484375 0.9228326656249999 0.1469433328125 0.7685879828125 0.344439203125 0.7428298203125 0.5253801890625
3 1 0.46503659375 0.985890784375 0.3646443078125 0.9034113453125 0.47125481562499993 0.8644390078124999 0.754735146875 0.919237621875 0.82667784375 1 0.656686853125 1 0.46503659375