3 0.2706352421875 0.08645124843749999 0.27796853593750004 0.216836734375 0.3461676984375 0.23667800468750003 0.34386885 0.0935374140625 0.2706352421875 0.08645124843749999
3 0.209769371875 0.463435375 0.231991571875 0.48185941093749995 0.27796853593750004 0.4379251703125 0.261110315625 0.3599773234375 0.206704240625 0.28344671250000003 0.16455869218750002 0.340136053125 0.163792409375 0.4265873015625 0.1944437171875 0.4421768703125 0.209769371875 0.463435375
3 0.1614935609375 0.63633786875 0.2113019390625 0.684523809375 0.23352413749999998 0.66751700625 0.225861309375 0.5243764171875 0.189846021875 0.43225623593750007 0.13007596875 0.51020408125 0.1277771203125 0.5498866203125 0.1216468578125 0.6037414953125 0.1614935609375 0.63633786875
3 0.3300757609375 0.5839002265625 0.3055547125 0.459183671875 0.258045184375 0.467687075 0.228926440625 0.5257936515625 0.2542137703125 0.7057823140624999 0.3300757609375 0.5839002265625
3 0.3538305265625 0.6009070296875 0.3285431953125 0.576814059375 0.27796853593750004 0.7086167796875 0.293294190625 0.7312925171875 0.335439740625 0.79790249375 0.397508640625 0.6901927437500001 0.3538305265625 0.6009070296875
3 0.290229059375 0.2905328796875 0.238888115625 0.24234693906250002 0.219731046875 0.31179138281249996 0.2703057078125 0.40674603125 0.3139838234375 0.40391156562499997 0.290229059375 0.2905328796875
3 0.37911785625 0.3458049875 0.3507653953125 0.24376417187500002 0.3024895828125 0.3174603171875 0.3170489546875 0.385487528125 0.3622596359375 0.38407029531250003 0.37911785625 0.3458049875
3 0.3545968078125 0.1530612234375 0.3691561796875 0.11904761875 0.376052725 0.0680272109375 0.38065042031249996 0.007086168750000001 0.32471178125 0.0085034015625 0.3208803671875 0.0736961453125 0.3400374359375 0.09920634843750001 0.3431025671875 0.151643990625 0.3545968078125 0.1530612234375
3 0.3676236140625 0.11904761875 0.361493353125 0.21967120312500002 0.46264267343750004 0.2508503390625 0.4595775421875 0.1941609984375 0.3676236140625 0.11904761875
3 0.1745203671875 0.9495464859375 0.115254909375 0.810657596875 0.0496162828125 0.9098639468749999 0.08793041874999999 1 0.1423364921875 0.9977324265625 0.1745203671875 0.9495464859375
3 0.5308418359375 0.5513038546875 0.5093859203125 0.5002834468749999 0.3867806828125 0.5456349203124999 0.46340895625 0.7539682546875001 0.52164644375 0.7539682546875001 0.5308418359375 0.5513038546875
3 0.5829490609375 0.43934240312500006 0.5354395328125 0.3500566890625 0.49099513437500003 0.385487528125 0.42815994999999996 0.4237528359375 0.480267175 0.51445578125 0.5239452906250001 0.45634920625 0.5829490609375 0.43934240312500006
3 0.4542135625 0.392573696875 0.49099513437500003 0.36848072656249997 0.46647408593749995 0.2650226765625 0.40363890312499995 0.266439909375 0.4204971234375 0.34155328749999997 0.3660910484375 0.39965986249999996 0.42815994999999996 0.44784580625 0.4542135625 0.392573696875
3 0.6994240375 0.2026643984375 0.695592621875 0.116213153125 0.6289260249999999 0.066609978125 0.601339846875 0.2154195015625 0.6113015234375 0.282029478125 0.6603436171875 0.32029478437500003 0.6994240375 0.2026643984375
3 0.48333230625 0.2040816328125 0.48869628593750003 0.3103741484375 0.5553628828125 0.3174603171875 0.543102359375 0.21258503437499998 0.48333230625 0.2040816328125
3 0.7193473874999999 0.51020408125 0.6250946109375 0.4166666671875 0.6281597421875 0.42800453593750004 0.5867804750000001 0.520124715625 0.6036386953124999 0.56831065625 0.679500684375 0.66751700625 0.7193473874999999 0.51020408125
3 0.53467325 0.799319728125 0.468772934375 0.8645124718750001 0.49252769843750005 0.9977324265625 0.5952095859375001 0.9282879828124999 0.5967421500000001 0.8418367343750001 0.53467325 0.799319728125
3 0.5545966 0.27777777812500004 0.5890793234375 0.2692743765625 0.57988393125 0.10770975 0.53160811875 0.0907029484375 0.5208801609375 0.157312925 0.544634925 0.17573696249999998 0.5392709453125 0.2621882078125 0.5545966 0.27777777812500004
3 0.6618761828124999 0.9863945578125 0.7783511562500001 1 0.908619221875 0.520124715625 0.9385042484375001 0.43934240312500006 0.99750801875 0.3741496609375 0.999806865625 0.30612244843749997 0.960726446875 0.2409297046875 0.789079115625 0.40674603125 0.7408033046875 0.573979590625 0.6519145078124999 0.9212018140625 0.6618761828124999 0.9863945578125
3 1 0.6802721093749999 0.9982743015625 0.44784580625 0.8994238296875 0.5442176859375001 0.825094403125 0.8064058953125001 0.8672399531250001 0.8815192734374999 1 0.6802721093749999