5 0.184375 0.21796875 0.25 0.3125
5 0.065625 0.38984375 0.13125 0.3203125
5 0.1734375 0.4484375 0.21875 0.228125
5 0.23671875 0.625 0.271875 0.3140625
5 0.10546875 0.60625 0.1765625 0.2171875
5 0.0484375 0.53203125 0.096875 0.2578125
5 0.16328125 0.83203125 0.275 0.3296875
5 0.26015625 0.953125 0.2171875 0.09375
5 0.40546875 0.83203125 0.2640625 0.3359375
5 0.434375 0.63125 0.2421875 0.3265625
5 0.5140625 0.4328125 0.2328125 0.3484375
5 0.5125 0.2046875 0.225 0.2890625
5 0.39921875 0.09453125 0.2265625 0.1890625
5 0.37578125 0.2890625 0.2578125 0.303125
5 0.696875 0.49921875 0.2546875 0.309375
5 0.66171875 0.74609375 0.2328125 0.26875
5 0.709375 0.88359375 0.2203125 0.20625
5 0.5421875 0.9359375 0.221875 0.128125
5 0.94375 0.86484375 0.1125 0.1640625
5 0.94609375 0.74609375 0.1078125 0.2359375
5 0.95546875 0.51953125 0.0890625 0.2859375
5 0.875 0.5296875 0.2421875 0.296875
5 0.81015625 0.68984375 0.2796875 0.3765625
5 0.79609375 0.9078125 0.2296875 0.1390625
5 0.853125 0.24921875 0.215625 0.2984375
5 0.834375 0.39296875 0.19375 0.184375
5 0.70625 0.328125 0.2421875 0.228125
5 0.67265625 0.13515625 0.2234375 0.2703125
5 0.925 0.16875 0.1046875 0.290625
5 0.95703125 0.35078125 0.0859375 0.24375