0 0.1890625 0.48125 0.215625 0.31796875
0 0.33984375 0.3984375 0.21171875 0.34921875
0 0.3203125 0.5546875 0.14609375 0.17109375
0 0.70546875 0.39453125 0.2109375 0.29453125
0 0.8109375 0.446875 0.2109375 0.27734375
0 0.675 0.1359375 0.1484375 0.22578125
0 0.87109375 0.20546875 0.12890625 0.16171875
0 0.946875 0.1671875 0.10625 0.171875
0 0.84296875 0.04921875 0.1484375 0.0984375
0 0.984375 0.3046875 0.03125 0.1328125
0 0.6078125 0.78671875 0.22109375 0.2828125
0 0.45546875 0.79296875 0.21171875 0.26484375
0 0.3703125 0.9546875 0.10625 0.090625
0 0.15859375 0.8546875 0.2 0.24453125