0 0.21875 0.1921875 0.2140625 0.203125
0 0.31796875 0.3078125 0.2265625 0.2140625
0 0.15390625 0.371875 0.25625 0.21796875
0 0.14375 0.55390625 0.20234375 0.20625
0 0.196875 0.72734375 0.29375 0.2453125
0 0.36953125 0.82890625 0.2171875 0.2140625
0 0.565625 0.83203125 0.25078125 0.28671875
0 0.54140625 0.6390625 0.2125 0.221875
0 0.37890625 0.60859375 0.20078125 0.20234375
0 0.278125 0.46875 0.203125 0.18828125
0 0.4546875 0.47265625 0.19765625 0.18046875
0 0.67578125 0.5375 0.19140625 0.16953125
0 0.7203125 0.72890625 0.23671875 0.22109375
0 0.85234375 0.55546875 0.24765625 0.23828125
0 0.871875 0.375 0.20859375 0.1875
0 0.6125 0.40078125 0.19140625 0.1875
0 0.49375 0.2890625 0.21953125 0.23046875
0 0.58515625 0.17109375 0.20859375 0.20234375
0 0.74609375 0.2578125 0.2609375 0.2515625
0 0.38984375 0.11796875 0.28984375 0.2359375