5 0.165625 0.18359375 0.2546875 0.315625
5 0.053125 0.35625 0.10625 0.328125
5 0.1515625 0.421875 0.225 0.234375
5 0.215625 0.60625 0.278125 0.3234375
5 0.084375 0.58125 0.16875 0.221875
5 0.034375 0.50390625 0.06875 0.2640625
5 0.14609375 0.8171875 0.25625 0.3359375
5 0.2328125 0.95 0.225 0.1
5 0.3859375 0.8265625 0.26875 0.346875
5 0.41953125 0.6171875 0.2453125 0.3375
5 0.50703125 0.4109375 0.2359375 0.359375
5 0.509375 0.17421875 0.2296875 0.296875
5 0.3953125 0.07734375 0.228125 0.1546875
5 0.365625 0.259375 0.2640625 0.3109375
5 0.6953125 0.48359375 0.259375 0.3171875
5 0.6546875 0.73984375 0.2375 0.2765625
5 0.7015625 0.88359375 0.2265625 0.2125
5 0.5265625 0.9359375 0.228125 0.128125
5 0.94296875 0.86953125 0.1140625 0.1671875
5 0.9484375 0.74765625 0.103125 0.2421875
5 0.96015625 0.509375 0.0796875 0.29375
5 0.87890625 0.51875 0.2421875 0.30625
5 0.81015625 0.68359375 0.284375 0.3890625
5 0.7921875 0.9109375 0.2375 0.1390625
5 0.8625 0.2265625 0.2203125 0.3078125
5 0.840625 0.3765625 0.1984375 0.1890625
5 0.70859375 0.30625 0.25 0.2328125
5 0.6765625 0.1203125 0.225 0.240625
5 0.9328125 0.146875 0.090625 0.29375
5 0.9625 0.334375 0.071875 0.2515625