0 0.83359375 0.234375 0.246875 0.2375
0 0.71484375 0.334375 0.2609375 0.25
0 0.86171875 0.425 0.2765625 0.259375
0 0.85078125 0.60859375 0.234375 0.2375
0 0.76953125 0.7734375 0.3328125 0.2921875
0 0.58125 0.8484375 0.2515625 0.2484375
0 0.384375 0.81953125 0.296875 0.3265625
0 0.4390625 0.63125 0.2484375 0.25625
0 0.60625 0.62578125 0.2328125 0.234375
0 0.7296875 0.5015625 0.234375 0.221875
0 0.55234375 0.478125 0.2265625 0.2125
0 0.3203125 0.5078125 0.21875 0.2
0 0.2453125 0.6921875 0.271875 0.259375
0 0.1421875 0.496875 0.284375 0.278125
0 0.15 0.3140625 0.2390625 0.2203125
0 0.40546875 0.38046875 0.2203125 0.2171875
0 0.5421875 0.2875 0.25625 0.265625
0 0.46953125 0.1546875 0.240625 0.2359375
0 0.29453125 0.21640625 0.3015625 0.29375
0 0.6734375 0.1375 0.325 0.2734375