5 0.225 0.1765625 0.20859375 0.2796875
5 0.0671875 0.32578125 0.13203125 0.3
5 0.1828125 0.3984375 0.1890625 0.2
5 0.2203125 0.5796875 0.23125 0.27890625
5 0.0953125 0.54296875 0.1484375 0.19453125
5 0.040625 0.4625 0.08125 0.24375
5 0.1203125 0.7703125 0.23125 0.29375
5 0.196875 0.934375 0.2 0.13125
5 0.35546875 0.809375 0.21796875 0.3109375
5 0.41171875 0.6125 0.1984375 0.29609375
5 0.51640625 0.4296875 0.1859375 0.31953125
5 0.54609375 0.20859375 0.18671875 0.259375
5 0.4515625 0.08515625 0.20234375 0.16171875
5 0.4015625 0.271875 0.21796875 0.26875
5 0.6859375 0.51953125 0.2140625 0.27578125
5 0.61796875 0.75546875 0.19765625 0.2390625
5 0.64609375 0.90390625 0.1953125 0.19140625
5 0.47578125 0.9375 0.20390625 0.125
5 0.91484375 0.921875 0.1703125 0.15625
5 0.92890625 0.79921875 0.1421875 0.21484375
5 0.95625 0.57734375 0.0875 0.271875
5 0.8546875 0.5734375 0.203125 0.26640625
5 0.76953125 0.72109375 0.22890625 0.34140625
5 0.728125 0.93984375 0.2125 0.11953125
5 0.871875 0.2984375 0.1765625 0.2703125
5 0.834375 0.43515625 0.1703125 0.15859375
5 0.71796875 0.3546875 0.2140625 0.1953125
5 0.71328125 0.1546875 0.1859375 0.2578125
5 0.96015625 0.2296875 0.07890625 0.278125
5 0.96640625 0.4125 0.0671875 0.234375