4 0.78359375 0.60546875 0.1921875 0.25
4 0.134375 0.60625 0.1484375 0.20625
4 0.6046875 0.7953125 0.2734375 0.3796875
4 0.58046875 0.27734375 0.128125 0.19375
4 0.24296875 0.71171875 0.175 0.2515625
4 0.778125 0.809375 0.1421875 0.2046875
4 0.30703125 0.24453125 0.1734375 0.221875
4 0.178125 0.21953125 0.1484375 0.20625
4 0.2 0.4203125 0.1484375 0.271875
4 0.315625 0.8671875 0.1328125 0.1765625
4 0.434375 0.85 0.1453125 0.1953125
4 0.478125 0.29296875 0.140625 0.1796875
4 0.3828125 0.3828125 0.146875 0.1984375
4 0.45625 0.13828125 0.1921875 0.209375