4 0.79921875 0.5546875 0.19375 0.2546875
4 0.15 0.7046875 0.1484375 0.209375
4 0.6640625 0.78515625 0.275 0.3875
4 0.52109375 0.27421875 0.128125 0.196875
4 0.2828125 0.7859375 0.1765625 0.25625
4 0.84140625 0.76015625 0.14375 0.209375
4 0.2390625 0.3046875 0.1765625 0.225
4 0.1046875 0.30859375 0.15 0.209375
4 0.171875 0.5046875 0.1484375 0.2765625
4 0.39140625 0.9171875 0.1328125 0.165625
4 0.50625 0.8796875 0.1453125 0.1984375
4 0.42109375 0.3125 0.1421875 0.1828125
4 0.34765625 0.42421875 0.1484375 0.2015625
4 0.3640625 0.16328125 0.19375 0.2125