0 0.39609375 0.509375 0.2765625 0.1921875
0 0.23984375 0.68515625 0.2796875 0.2296875
0 0.39609375 0.80859375 0.284375 0.1984375
0 0.64921875 0.83984375 0.303125 0.221875
0 0.6671875 0.69140625 0.2640625 0.1828125
0 0.64921875 0.565625 0.2546875 0.1984375
0 0.5234375 0.6125 0.2828125 0.1640625
0 0.9 0.43046875 0.2 0.1671875
0 0.953125 0.28984375 0.0890625 0.175
0 0.84296875 0.19140625 0.2265625 0.15
0 0.70625 0.31015625 0.1890625 0.1546875
0 0.5296875 0.26484375 0.2234375 0.159375
0 0.46171875 0.34296875 0.1828125 0.121875
0 0.3140625 0.37265625 0.21875 0.190625