0 0.5875 0.5234375 0.26171875 0.18046875
0 0.740625 0.68828125 0.265625 0.215625
0 0.59296875 0.81015625 0.26875 0.18515625
0 0.35078125 0.84375 0.28671875 0.20859375
0 0.33125 0.703125 0.25078125 0.1703125
0 0.3453125 0.58125 0.23984375 0.18671875
0 0.46875 0.6234375 0.26875 0.153125
0 0.09921875 0.45625 0.1984375 0.15703125
0 0.04609375 0.321875 0.0921875 0.16640625
0 0.1546875 0.22578125 0.21484375 0.140625
0 0.28828125 0.3375 0.17890625 0.14453125
0 0.45546875 0.29140625 0.2109375 0.14921875
0 0.521875 0.3640625 0.1734375 0.1140625
0 0.6640625 0.390625 0.20546875 0.18046875