4 0.2265625 0.325 0.03828125 0.03671875
4 0.20625 0.4875 0.040625 0.03515625
4 0.4203125 0.328125 0.0375 0.03671875
4 0.07890625 0.4328125 0.0359375 0.034375
4 0.25546875 0.2078125 0.03828125 0.0375
4 0.35546875 0.28203125 0.04375 0.05078125
4 0.52578125 0.34609375 0.04375 0.03984375
4 0.1515625 0.36328125 0.0421875 0.03984375
4 0.403125 0.265625 0.03828125 0.03671875
4 0.42734375 0.29296875 0.03515625 0.03359375
4 0.30703125 0.34375 0.05078125 0.0484375
4 0.2984375 0.51015625 0.03359375 0.02734375
4 0.234375 0.16796875 0.03515625 0.0375
4 0.47265625 0.46953125 0.040625 0.03828125
4 0.50625 0.45390625 0.03828125 0.0328125
4 0.34296875 0.45703125 0.03828125 0.03203125
4 0.40078125 0.50625 0.03984375 0.03671875
4 0.1828125 0.41875 0.03984375 0.0390625
4 0.0875 0.3265625 0.03203125 0.02890625
4 0.2046875 0.52578125 0.0484375 0.0390625
4 0.40390625 0.44921875 0.05078125 0.04140625
4 0.30078125 0.40546875 0.03671875 0.03671875
4 0.18046875 0.1484375 0.0375 0.03359375
4 0.365625 0.51171875 0.034375 0.03203125
4 0.596875 0.3453125 0.025 0.025
4 0.3109375 0.17578125 0.034375 0.0390625
4 0.7859375 0.475 0.021875 0.02265625
4 0.14765625 0.409375 0.0328125 0.0375
4 0.4921875 0.50234375 0.0359375 0.034375
4 0.79140625 0.49921875 0.025 0.025
4 0.63359375 0.36796875 0.021875 0.025
4 0.81796875 0.534375 0.0234375 0.0265625
4 0.72890625 0.34921875 0.02265625 0.02421875
4 0.259375 0.14140625 0.03515625 0.03671875
4 0.76171875 0.2953125 0.021875 0.02265625
4 0.27734375 0.1109375 0.03828125 0.03359375
4 0.4578125 0.925 0.04453125 0.0359375
4 0.32109375 0.93125 0.0359375 0.03984375
4 0.21640625 0.92421875 0.02734375 0.02890625
4 0.4734375 0.4703125 0.04453125 0.04609375
4 0.39296875 0.60078125 0.03984375 0.04140625
4 0.1921875 0.6515625 0.03828125 0.04296875
4 0.09375 0.57109375 0.04453125 0.0375