4 0.37109375 0.33203125 0.1515625 0.2078125
4 0.20390625 0.3140625 0.1671875 0.20859375
4 0.09296875 0.45703125 0.18359375 0.21953125
4 0.09140625 0.84609375 0.1828125 0.2421875
4 0.18984375 0.63359375 0.19140625 0.221875
4 0.2828125 0.8359375 0.17265625 0.2390625
4 0.59375 0.83671875 0.1421875 0.209375
4 0.52421875 0.64296875 0.1359375 0.1765625
4 0.115625 0.16171875 0.1828125 0.23203125
4 0.56015625 0.196875 0.1265625 0.171875
4 0.8359375 0.76171875 0.12109375 0.15859375
4 0.83515625 0.37890625 0.11796875 0.15546875