10 0.1 0.1828125 0.0546875 0.0875
10 0.1 0.365625 0.05625 0.078125
10 0.30078125 0.12265625 0.0296875 0.04140625
10 0.30234375 0.36328125 0.0640625 0.1015625
10 0.346875 0.3609375 0.04453125 0.109375
10 0.50078125 0.4078125 0.0484375 0.06015625
10 0.71328125 0.440625 0.03515625 0.0609375
10 0.90703125 0.39375 0.05 0.0765625
10 0.89765625 0.63203125 0.06640625 0.08984375
10 0.7015625 0.65 0.1046875 0.13046875
10 0.47890625 0.65234375 0.1015625 0.140625
10 0.33984375 0.58671875 0.0265625 0.10546875
10 0.32421875 0.575 0.01171875 0.07421875
10 0.228125 0.5734375 0.01640625 0.07421875
10 0.234375 0.659375 0.05 0.0453125
10 0.11953125 0.64296875 0.0390625 0.05234375
10 0.1265625 0.696875 0.03671875 0.0390625
10 0.09140625 0.87109375 0.02734375 0.078125
10 0.3015625 0.853125 0.05625 0.046875
10 0.50078125 0.9046875 0.02578125 0.06796875
10 0.90390625 0.88515625 0.0921875 0.11953125
11 0.71875 0.90625 0.08515625 0.15859375
11 0.49765625 0.13515625 0.04765625 0.13515625
11 0.2625 0.38125 0.04765625 0.09375
11 0.1390625 0.878125 0.0390625 0.0953125
11 0.384375 0.58515625 0.02734375 0.0953125
11 0.74609375 0.79921875 0.10078125 0.0859375
11 0.671875 0.81796875 0.05625 0.078125
11 0.6328125 0.8765625 0.0328125 0.0453125
10 0.946875 0.13125 0.04375 0.07421875