4 0.1671875 0.3078125 0.1984375 0.20625
4 0.3453125 0.31953125 0.184375 0.1921875
4 0.5265625 0.32265625 0.1875 0.2046875
4 0.91328125 0.046875 0.1578125 0.0703125
4 0.88515625 0.3296875 0.1828125 0.2125
4 0.87265625 0.79453125 0.1484375 0.1921875
4 0.73125 0.78828125 0.1578125 0.203125
4 0.13984375 0.78125 0.1609375 0.19375
4 0.44609375 0.78515625 0.1609375 0.1984375
4 0.14296875 0.6078125 0.153125 0.1921875
4 0.5796875 0.621875 0.146875 0.18125
4 0.29296875 0.78671875 0.1671875 0.196875
4 0.590625 0.7921875 0.14375 0.184375
4 0.84453125 0.62265625 0.159375 0.1890625
4 0.70390625 0.31875 0.1921875 0.228125
4 0.49921875 0.69765625 0.9984375 0.4359375
4 0.4390625 0.6234375 0.1546875 0.1734375
4 0.7109375 0.625 0.1328125 0.1671875
4 0.2890625 0.60234375 0.146875 0.1640625