4 0.93515625 0.61484375 0.1296875 0.2890625
4 0.33125 0.6375 0.21875 0.284375
4 0.54375 0.384375 0.225 0.2484375
4 0.759375 0.625 0.2453125 0.309375
4 0.1234375 0.62890625 0.2390625 0.309375
4 0.34296875 0.390625 0.209375 0.2703125
4 0.54609375 0.62421875 0.24375 0.3
4 0.1578125 0.4015625 0.190625 0.2609375
4 0.7625 0.37109375 0.2234375 0.259375
4 0.92890625 0.36171875 0.1421875 0.2796875
4 0.1734375 0.0359375 0.26875 0.059375
4 0.034375 0.3765625 0.06875 0.278125
4 0.43203125 0.0296875 0.2515625 0.059375